3538
7371
18469
65156
60465
54007
14770
3201
63900
18737
3222
43721
22756
7351
40186
20012
49593
61318
32876
55987
25138
4480
19226
41109
53223
16909
33759
54808
43887
58465
26456
36519
47813
52600
7251
30349
33634
6729
16418
19081
24573
58100
10039
63529
53769
52421
63685
4769
22684
23949
676
13586
28522
63159
36921
37380
56729
47681
62279
15781
7931
34721
47934
18480
14274
13966
46697
62770
33935
14924
58156
56895
17286
44381
65038
39315
26836
13282
40476
12767
26205
13953
35976
57878
36032
16596
8286
51396
37060
8514
17403
45202
7302
7438
31325
20853
36102
48790
50585
9610
35830
38235
61799
53380
59470
37900
11192
18107
18255
30719
25835
7083
14520
64658
230
19852
11504
15074
32056
20062
24680
61573
54700
8479
13690
62935
21451
62907
45771
43718
48554
30214
2361
53208
24741
52223
36494
9403
35886
35821
33527
17982
47948
64982
5124
61308
57215
34719
18826
50520
10601
7729
7399
50322
59758
63041
47807
57826
2081
8066
32703
17658
27389
7355
23417
9010
55456
58241
63068
49512
34833
21644
57879
46653
7028
13527
46119
37623
61333
56730
47495
37290
12719
18519
54841
32686
21376
15018
35994
35741
11754
13732
23682
58018
21400
25755
625
41476
55972
12646
18532
54158
52464
56980
22050
15983
48795
46450
53910
22055
63351
64424
56552
36567
37644
11655
26412
44435
55830
29888
57217
9427
29446
12663
15388
19639
25907
50109
25741
60699
1592
53238
58275
32851
62102
38683
43788
14699
3304
61274
12621
56341
263
6043
7502
1795
65014
21492
9625
43039
49443
42923
30204
58489
56090
28144
22907
2217
28735
15004
43529
55698
64198
43722
36895
23992
36178
24535
60324
31803
19031
43214
43719
25879
43847
42153
50067
60929
30330
21812
14243
64774
805
64847
53114
54663
31480
44998
14824
596
61424
31834
11525
34780
22091
43308
38563
43217
11587
48540
64241
32181
168
21315
50941
55626
2275
4144
41574
57579
20842
25885
3564
38022
46828
39248
52269
30404
12552
59024
29829
5875
40779
24577
65189
27612
20731
45431
15736
31988
51869
28638
57991
36551
42567
22782
21850
62466
35767
1913
5605
22192
3720
61865
33491
6423
8806
5397
17892
43928
55986
9965
48840
269
23338
6856
293
50674
30188
1405
10784
35815
7929
61752
21988
41930
563
58300
35769
4154
32095
50806
55348
33192
36779
56282
7850
8223
64105
9417
7651
32227
34505
23967
48624
9581
53577
50002
5881
3346
63683
30696
10255
55066
27549
24807
60107
11991
52462
40017
10845
5638
33980
61323
11033
25126
11503
51609
246
37794
20348
58718
16321
12490
9462
15283
7554
49425
31826
40432
59107
51667
10333
64152
54373
59858
11460
21841
34460
35606
3681
58185
9453
2314
47232
27721
54938
35337
9691
4248
61089
56563
42912
21390
6460
9358
12831
56224
27333
63514
27875
45540
46350
25216
32373
1547
44713
5215
14825
6020
32941
30993
47307
655
20589
47076
48826
55092
31885
4429
61324
47672
1340
20586
50462
27613
1819
2904
57812
40810
13624
17860
24475
10148
53543
22574
52310
22971
3713
10317
54035
51132
63911
11271
166
55305
38453
3237
31067
61059
49470
15266
57312
8293
37684
23060
39502
29597
14081
61198
17591
51139
62477
52560
40995
61466
6521
29896
1147
38273
32368
13716
6941
60128
59359
26684
61847
31037
11250
32320
49093
36836
51454
20216
46494
41854
38157
60259
59999
60141
32329
34855
60392
17453
12455
3069
14648
13544
4871
27176
8513
11256
64395
51407
32511
57607
22703
12876
49234
20468
20633
8955
42323
48444
35526
6931
32163
63793
22428
43491
5926
42940
42466
25978
35178
15392
30221
27639
61876
4519
5796
25124
43150
11742
39477
10855
35356
50427
26321
36733
22920
12248
3684
58339
52449
10858
30668
45600
21769
37987
48961
24298
39909
39373
43815
25873
3477
53540
34156
14410
38554
5677
4879
65441
19580
28276
4059
7884
42888
13494
26038
55058
44495
58652
33229
20799
18779
54282
63516
53827
34897
42510
46117
10316
46356
47029
30138
65019
49530
39419
20360
29136
4638
4554
25610
20646
10496
32997
41388
42913
20563
33515
49639
5275
14990
48152
9607
38908
35649
7989
15414
32810
36753
14117
13163
59914
46383
38114
33372
56093
56911
22206
13120
1322
53168
42897
15992
12655
7832
3748
63570
17906
9940
53633
5720
64328
20451
33263
41845
6184
56118
579
58278
21152
26522
56178
34162
33032
34427
8345
716
18184
8663
24066
254
57772
60680
11154
12660
41083
51698
1742
22703
15719
32499
38172
63172
59964
37779
32303
43691
7260
57734
46736
63647
61215
51234
32127
6414
14011
55764
3577
62106
59589
57296
17143
17210
29010
47147
18723
15470
33698
39065
9872
49556
22639
54129
409
61192
33245
16624
58740
19041
12850
47796
29497
49297
14178
46833
50035
33724
62940
33397
25855
41222
20908
4185
13452
19436
61875
64122
61980
64065
24101
31387
23172
28285
44411
43062
57235
14207
18983
42432
17673
20976
41912
6401
45285
57801
42996
63495
36084
9957
49181
32449
48261
12249
56370
56160
38290
34573
11757
37050
5918
24912
30657
45367
30997
16203
58666
22933
19171
40533
59903
23600
26508
13773
37342
62199
30334
24070
26568
56011
2571
64016
58585
11794
40261
34622
23486
8456
19931
37388
6559
53275
43217
39070
62655
14980
54753
34044
33148
22685
55847
9707
28547
49590
12941
63873
12267
16115
12028
57880
35012
58417
60164
64033
30914
13179
36318
16028
7547
32531
21599
38987
52437
14409
25131
25067
24331
23068
11805
45926
42502
21597
44860
55335
10590
11005
64819
40612
40944
15278
34849
60020
63833
54755
10580
48529
36508
34203
18383
64115
47657
21329
62044
29847
24832
62064
56236
39114
8255
48840
28148
30708
57636
53296
61640
20180
37144
21714
57308
39127
61492
50635
55869
15571
42771
37489
59766
44455
45285
11102
38274
48944
14572
15110
16249
6050
11999
40264
26532
18110
27833
50470
52970
46426
30246
42763
11446
28925
50794
37385
31935
50877
47536
14937
39152
14024
21031
24181
62926
25781
7311
9679
22855
47374
805
36691
22246
45952
60793
58911
14196
52309
8111
22359
53054
58452
43146
64447
9148
58688
7053
13932
49553
28664
57206
26215
19692
29023
37388
65216
21135
45392
15533
1757
15704
63722
10557
24226
50561
11294
12814
28386
18895
40764
2107
59815
33356
